# GIMP colorrc
# 
# This file holds a list of recently used colors.

(color-history
    (color-rgba 0.23921568627450981 0.57647058823529407 0.97647058823529409 1)
    (color-rgba 1 1 1 0)
    (color-rgba 1 1 1 1)
    (color-rgba 0.24081694863587866 0.57499326286647956 0.97530864197530864 1)
    (color-rgba 0.9137254901960784 0.76470588235294112 0.29411764705882354 6.8762051667991519e-310)
    (color-rgba 0.9137254901960784 0.76470588235294112 0.29411764705882354 1)
    (color-rgba 0.11372549086809158 0.48627451062202454 0.93725490570068359 1)
    (color-rgba 0.22352941176470589 0.45882352941176469 0.14901960784313725 1)
    (color-rgba 0.9137254901960784 0.7686274509803922 0.29411764705882354 1)
    (color-rgba 0.25882354378700256 0.52549022436141968 0.93725490570068359 1)
    (color-rgba 0.78039216995239258 0.7607843279838562 0.79607844352722168 1)
    (color-rgba 0.11372549086809158 0.50196081399917603 0.94901961088180542 1)
    (color-rgba 0.5490196078431373 0 1 1)
    (color-rgba 0 0 0 1)
    (color-rgba 0 0 0 6.3894723822464925e-310)
    (color-rgba 0.26666666666666666 0.96078431372549022 0.72156862745098038 1)
    (color-rgba 0.5937455772482475 0.32312903634291501 0.81603773584905659 1)
    (color-rgba 0.55686277151107788 0.55686277151107788 0.55686277151107788 1)
    (color-rgba 0.61026385862987165 0.13580246913580252 1 1)
    (color-rgba 0.27843137254901962 0.52941176470588236 0.35686274509803922 1)
    (color-rgba 0.3803921639919281 0.98823529481887817 0.72549021244049072 1)
    (color-rgba 0.15686275064945221 0.14117647707462311 0.14509804546833038 1)
    (color-rgba 0.10980392247438431 0.80784314870834351 0.11764705926179886 1)
    (color-rgba 0.08235294371843338 0.81176471710205078 0.11372549086809158 1)
    (color-rgba 1 0.93333333333333335 0 1)
    (color-rgba 1 0.93396226415094352 0 1)
    (color-rgba 0.6705882352941176 1 0 6.6309897991864074e-310)
    (color-rgba 0.66981132075471694 1 0 1)
    (color-rgba 0 1 0.037735849056604209 1)
    (color-rgba 1 0 0 1)
    (color-rgba 0.086274512112140656 0.55686277151107788 0.7921568751335144 1)
    (color-rgba 0.019607843831181526 0.9843137264251709 0.7764706015586853 1)
    (color-rgba 0.0078431377187371254 0.0078431377187371254 0.011764706112444401 1)
    (color-rgba 0.95754716981132071 0.95754716981132071 0.95754716981132071 1)
    (color-rgba 0.090196078431372548 0.090196078431372548 0.090196078431372548 1)
    (color-rgba 0.96698113207547165 0.96698113207547165 0.96698113207547165 1)
    (color-rgba 0.83137254901960789 0.83137254901960789 0.83137254901960789 1)
    (color-rgba 0.69411764705882351 0.46274509803921571 0.30196078431372547 1)
    (color-rgba 0.066666666666666666 0.22745098039215686 0.24705882352941178 1)
    (color-rgba 0.019607843137254902 0.35686274509803922 0.36078431372549019 1)
    (color-rgba 0.031372549019607843 0.59215686274509804 0.61568627450980395 1)
    (color-rgba 0.43137254901960786 0.77647058823529413 0.792156862745098 1)
    (color-rgba 0.24313725490196078 0.21568627450980393 0.42745098039215684 1)
    (color-rgba 0.50588235294117645 0.3411764705882353 0.58823529411764708 1)
    (color-rgba 0.9137254901960784 0.63921568627450975 0.73333333333333328 1)
    (color-rgba 0.7686274509803922 0.19607843137254902 0.14509803921568629 1)
    (color-rgba 0.94901960784313721 0.61960784313725492 0.2196078431372549 1)
    (color-rgba 0.94901960784313721 0.69411764705882351 0.2196078431372549 1)
    (color-rgba 0.99215686274509807 0.0039215686274509803 0.36078431372549019 1)
    (color-rgba 0.99215686274509807 0.87450980392156863 0.011764705882352941 1)
    (color-rgba 0.0039215686274509803 0.51764705882352946 0.72156862745098038 1)
    (color-rgba 0.21568627450980393 0.22352941176470589 0.17254901960784313 1)
    (color-rgba 0.96470588235294119 0.96470588235294119 0.96470588235294119 1)
    (color-rgba 0.97254901960784312 0.64313725490196083 0.30588235294117649 1)
    (color-rgba 0.52941176470588236 0.37254901960784315 0.27058823529411763 1)
    (color-rgba 0.090196078431372548 0.090196078431372548 0.090196078431372548 6.3614878374616079e-310)
    (color-rgba 0.089622641509433998 0.089622641509433998 0.089622641509433998 1)
    (color-rgba 0.23137254901960785 0.13725490196078433 0.58823529411764708 1)
    (color-rgba 0.086274509803921567 0.086274509803921567 0.086274509803921567 1.1857575500189917e-322)
    (color-rgba 0.084905660377358472 0.084905660377358472 0.084905660377358472 1)
    (color-rgba 0.21698113207547165 0.21698113207547165 0.21698113207547165 1)
    (color-rgba 0.062745098039215685 0.062745098039215685 0.062745098039215685 6.1571881337110942e-310)
    (color-rgba 0.061320754716981174 0.061320754716981174 0.061320754716981174 1)
    (color-rgba 0.5490196078431373 0 1 6.1571881337110942e-310)
    (color-rgba 0.12549019607843137 0.12549019607843137 0.12549019607843137 6.1571881337110942e-310)
    (color-rgba 0.12735849056603776 0.12735849056603776 0.12735849056603776 1)
    (color-rgba 0.023529411764705882 0 0.10980392156862745 1)
    (color-rgba 0.019014734774827957 0 0.1061900332570076 1)
    (color-rgba 0.023529411764705882 0 0 1)
    (color-rgba 0.91764705882352937 0.32941176470588235 0.12941176470588237 1)
    (color-rgba 0.97254901960784312 0.97647058823529409 0 1)
    (color-rgba 0.97254901960784312 0.97647058823529409 0 6.9530811095319396e-310)
    (color-rgba 0 0.55882352941176494 1 1)
    (color-rgba 0.10196078431372549 0.10196078431372549 0.10196078431372549 1)
    (color-rgba 0.52549019607843139 0.74509803921568629 0.2627450980392157 1)
    (color-rgba 0.28235294117647058 0.72549019607843135 0.7803921568627451 1)
    (color-rgba 0.67647058823529438 0 1 1)
    (color-rgba 0.02166064981949456 0.0015991083759358401 0.0015991083759358401 1)
    (color-rgba 0.87058800000000003 0.32549 0.27843099999999998 1)
    (color-rgba 0 0.47058823529411764 1 1)
    (color-rgba 0.17647099999999999 0.78039199999999997 0.99215699999999996 0)
    (color-rgba 0.73725499999999999 0.24313699999999999 0.16470599999999999 1)
    (color-rgba 0.20000000000000001 0.20000000000000001 0.20000000000000001 1)
    (color-rgba 0.129412 0.45882400000000001 0.60784300000000002 1)
    (color-rgba 0.78039199999999997 0.403922 0.40784300000000001 1)
    (color-rgba 1 1 1 1)
    (color-rgba 1 1 1 1))

# end of colorrc
